"ICHemophiliac" <-
structure(c(10, 12, 9, 15, 5, 1, 15, 1, 9, 11, 12, 7, 11, 10, 
12, 10, 1, 5, 10, 8, 1, 14, 14, 15, 14, 9, 14, 14, 10, 13, 1, 
11, 12, 9, 14, 3, 9, 13, 9, 12, 13, 1, 1, 14, 10, 10, 3, 15, 
1, 10, 9, 11, 7, 13, 7, 10, 1, 1, 10, 13, 14, 12, 10, 12, 10, 
1, 12, 1, 9, 13, 7, 1, 9, 12, 13, 9, 10, 10, 14, 13, 11, 5, 12, 
8, 1, 14, 1, 1, 1, 14, 8, 3, 13, 10, 5, 10, 11, 14, 12, 16, 7, 
14, 16, 13, 10, 13, 13, 10, 13, 11, 13, 11, 7, 7, 11, 10, 16, 
15, 15, 16, 15, 10, 15, 15, 11, 14, 15, 13, 13, 13, 15, 7, 11, 
15, 12, 13, 16, 11, 13, 15, 11, 12, 15, 16, 7, 15, 12, 13, 9, 
14, 9, 11, 10, 7, 12, 15, 15, 14, 11, 13, 11, 14, 13, 15, 12, 
15, 15, 6, 12, 13, 15, 13, 12, 14, 16, 15, 12, 7, 13, 10, 15, 
15, 14, 11, 12, 16, 15, 14, 14, 12, 8, 12), .Dim = as.integer(c(96, 
2)), .Dimnames = list(NULL, c("left", "right")))
