"motor.IC" <-
structure(list(V1 = c(2.4, 2.6, 3.2, 3.6, 4, 6.2, 6.6, 6.8, 7.8, 
8.2, 8.8, 8.8, 9.6, 10, 10.2, 10.6, 11, 11.4, 13.2, 13.6, 13.8, 
14.6, 14.6, 14.6, 14.6, 14.6, 14.6, 14.8, 15.4, 15.4, 15.4, 15.4, 
15.6, 15.6, 15.8, 15.8, 16, 16, 16.2, 16.2, 16.2, 16.4, 16.4, 
16.6, 16.8, 16.8, 16.8, 17.6, 17.6, 17.6, 17.6, 17.8, 17.8, 18.6, 
18.6, 19.2, 19.4, 19.4, 19.6, 20.2, 20.4, 21.2, 21.4, 21.8, 22, 
23.2, 23.4, 24, 24.2, 24.2, 24.6, 25, 25, 25.4, 25.4, 25.6, 26, 
26.2, 26.2, 26.4, 27, 27.2, 27.2, 27.2, 27.6, 28.2, 28.4, 28.4, 
28.6, 29.4, 30.2, 31, 31.2, 32, 32, 32.8, 33.4, 33.8, 34.4, 34.8, 
35.2, 35.2, 35.4, 35.6, 35.6, 36.2, 36.2, 38, 38, 39.2, 39.4, 
40, 40.4, 41.6, 41.6, 42.4, 42.8, 42.8, 43, 44, 44.4, 45, 46.6, 
47.8, 47.8, 48.8, 50.6, 52, 53.2, 55, 55, 55.4, 57.6), V2 = c(0, 
-1.3, -2.7, 0, -2.7, -2.7, -2.7, -1.3, -2.7, -2.7, -1.3, -2.7, 
-2.7, -2.7, -5.4, -2.7, -5.4, 0, -2.7, -2.7, 0, -13.3, -5.4, 
-5.4, -9.3, -16, -22.8, -2.7, -22.8, -32.1, -53.5, -54.9, -40.2, 
-21.5, -21.5, -50.8, -42.9, -26.8, -21.5, -50.8, -61.7, -5.4, 
-80.4, -59, -71, -91.1, -77.7, -37.5, -85.6, -123.1, -101.9, 
-99.1, -104.4, -112.5, -50.8, -123.1, -85.6, -72.3, -127.2, -123.1, 
-117.9, -134, -101.9, -108.4, -123.1, -123.1, -128.5, -112.5, 
-95.1, -81.8, -53.5, -64.4, -57.6, -72.3, -44.3, -26.8, -5.4, 
-107.1, -21.5, -65.6, -16, -45.6, -24.2, 9.5, 4, 12, -21.5, 37.5, 
46.9, -17.4, 36.2, 75, 8.1, 54.9, 48.2, 46.9, 16, 45.6, 1.3, 
75, -16, -54.9, 69.6, 34.8, 32.1, -37.5, 22.8, 46.9, 10.7, 5.4, 
-1.3, -21.5, -13.3, 30.8, -10.7, 29.4, 0, -10.7, 14.7, -1.3, 
0, 10.7, 10.7, -26.8, -14.7, -13.3, 0, 10.7, -14.7, -2.7, 10.7, 
-2.7, 10.7), y.L = c(-0.0409567996226794, -2.53427554344775, 
-4.44980344460408, -0.349017336813038, -3.03718021012311, -5.08003647158838, 
-3.79086251473457, -1.47242273763124, -2.85667304144163, -3.74952415758184, 
-1.90944186886992, -3.32334854519538, -3.18163302277253, -2.93669627151375, 
-7.98909020781712, -4.62680320729959, -6.32676714450695, -1.37618861009893, 
-3.18687941848461, -3.48081459333819, -1.54894049076151, -16.5734740974333, 
-5.74779988074391, -8.2867968098243, -11.9346478855735, -17.0950968016920, 
-22.9207292247786, -2.91294962503317, -23.8623931449812, -32.7922919227957, 
-54.5966529178487, -60.2090241149721, -42.1809339626771, -22.3082071153760, 
-21.8900909096445, -55.3954812356164, -47.8451640125512, -27.5799587979405, 
-25.4791335967861, -51.5495736779822, -62.6475926777325, -5.65665528496184, 
-81.884045360409, -59.5223796250118, -71.9503460985322, -92.9248038886052, 
-77.8612014638694, -37.8615807456341, -88.1213494718871, -125.170011452148, 
-103.999406671779, -99.3857546445351, -105.288850347277, -112.502982391744, 
-51.574516708544, -123.417329289233, -85.6777773463814, -74.3174554514862, 
-127.874464479944, -123.885268656190, -118.122915025665, -135.648026063425, 
-102.025799590149, -109.032675026458, -128.110720239928, -124.357023506387, 
-129.500771988299, -113.254249369931, -96.8194148583739, -83.3492611939092, 
-54.3747578619516, -64.4719359170347, -58.3149563722409, -72.3606667450387, 
-45.7340706565604, -26.8733249779116, -7.31646517095373, -107.119989249068, 
-24.0967135487534, -65.8371982907032, -16.5111587749587, -45.6644459724996, 
-28.8381878443986, 8.05121825246568, 2.75594183211902, 11.7757242829745, 
-22.5680385153187, 31.428312078099, 45.9867448605039, -18.7096272855615, 
35.5773008102151, 74.832472487081, 6.7294999929385, 53.5223555790484, 
47.1936052390531, 46.0511090661544, 15.4472233435249, 44.5580866050023, 
0.115319973670155, 74.2584142440772, -16.5867352517291, -57.1989404631495, 
68.1104952098936, 34.1312989096929, 31.8590088673772, -39.8199015503891, 
22.6134534176085, 44.4546535307484, 10.4164050306729, 4.45454645094651, 
-2.73143084474939, -22.4138688920618, -14.9434574908892, 30.7512465165349, 
-11.2448769274039, 28.6028630038436, -1.10010312339909, -11.492642371943, 
14.4657226923829, -3.68702410663625, -0.0414413367536429, 10.5610544388325, 
9.69956689283092, -27.5394340636362, -18.6895124790775, -14.8619471279939, 
-0.962583652951058, 9.88733872823904, -14.8974315464883, -2.88340416208299, 
10.6135504898213, -3.60308902622888, 10.23699759453), y.R = c(0.329400383711187, 
-0.537277529926704, -1.21495991443799, 2.20584747767661, -1.88367875438585, 
-2.4042234942094, -2.55218702973015, 0.283276123003132, -2.69036171915717, 
-1.90050476842422, 0.692321266151306, -1.67120834093583, -2.00761444575796, 
-1.09759784128348, -2.90435454936816, -2.27382866729503, -5.10795269513222, 
0.123433046776651, -1.89065945014922, -2.02620364900823, 0.201490499618305, 
-12.5594619093428, -5.2367550226014, -4.91173606439744, -8.98144126298871, 
-15.8333756211548, -22.1542020755127, 0.736943643014562, -22.6016808807452, 
-31.7351143453818, -52.4591094504187, -53.9066508108005, -39.8108764648928, 
-21.2472624053095, -20.3178518749207, -48.286749914372, -40.1573611789565, 
-24.649450671922, -20.9502263656934, -50.0096275312554, -61.2244633910536, 
-4.45744359631775, -80.2907416423063, -57.1036364228583, -70.2798560716103, 
-90.7206982663415, -76.7803116576173, -33.6140544357435, -84.3966811570037, 
-119.389015831169, -100.991070939546, -98.998440173105, -103.404110111861, 
-112.193115453397, -50.2125405429892, -122.321536252437, -85.103034275608, 
-71.1439021339693, -126.283308225255, -121.713827766498, -116.414516701935, 
-133.945392458454, -101.380972769317, -107.196324677905, -121.455369010731, 
-121.268151948348, -128.254882139330, -111.32297143604, -94.6939535290454, 
-80.4685134057286, -49.981227175965, -64.3610325151498, -57.5333589689185, 
-70.3257486509928, -43.8444314524458, -25.9258755677844, -4.32383724329933, 
-105.452166099264, -21.2462036080533, -65.2747724159329, -15.2727891308472, 
-44.6339815433737, -23.6362392542968, 10.4300831873218, 4.11629810163665, 
13.6154752375717, -20.7683084446802, 38.3337539557740, 46.9475266717951, 
-17.1897017489444, 38.0385611585177, 76.2985905756766, 8.13593858965812, 
55.4713687887349, 48.2162999914979, 47.5154041741079, 16.2671632508904, 
47.889753772628, 10.2229068531282, 76.5521079881128, -14.2067997713932, 
-53.7678487499108, 70.7812548836012, 34.9560361835072, 33.3938420775859, 
-36.8975346439712, 24.1905598446331, 46.9401591231623, 11.3640060864538, 
5.80212288857487, -1.14086670466719, -19.3463048883482, -13.0668332980868, 
32.1551813730694, -10.6517001291466, 30.8515201533751, 0.953328934254213, 
-9.8104217523206, 14.7837987021591, -0.823579752194598, 1.90219708558988, 
11.6194293819041, 13.2290467908858, -25.9932278287945, -13.7398587097678, 
-12.8492308536892, 0.787869195011651, 13.0151596432306, -14.3530272617903, 
-2.40292359467198, 11.0990266591933, -1.60211939224407, 12.176319119504
)), .Names = c("V1", "V2", "y.L", "y.R"), row.names = c("1", 
"2", "3", "4", "5", "6", "7", "8", "9", "10", "11", "12", "13", 
"14", "15", "16", "17", "18", "19", "20", "21", "22", "23", "24", 
"25", "26", "27", "28", "29", "30", "31", "32", "33", "34", "35", 
"36", "37", "38", "39", "40", "41", "42", "43", "44", "45", "46", 
"47", "48", "49", "50", "51", "52", "53", "54", "55", "56", "57", 
"58", "59", "60", "61", "62", "63", "64", "65", "66", "67", "68", 
"69", "70", "71", "72", "73", "74", "75", "76", "77", "78", "79", 
"80", "81", "82", "83", "84", "85", "86", "87", "88", "89", "90", 
"91", "92", "93", "94", "95", "96", "97", "98", "99", "100", 
"101", "102", "103", "104", "105", "106", "107", "108", "109", 
"110", "111", "112", "113", "114", "115", "116", "117", "118", 
"119", "120", "121", "122", "123", "124", "125", "126", "127", 
"128", "129", "130", "131", "132", "133"), class = "data.frame")
